[(1, 1, 0, 0.8, -2.0), (1, 1, 0, 0.039999999999999994, -2.0), (1, 1, 0, 0.039999999999999994, -2.0), (1, 1, 0, 0.039999999999999994, -2.0), (1, 2, 0, 0.039999999999999994, -1.0), (1, 1, 0, 0.039999999999999994, -1.0)]
[(1, 1, 2, 1, -1.0)]
[(1, 1, 3, 1, -1.0)]
[(1, 1, 0, 1, -1.0)]
[(1, 1, 1, 0.8, -2.0), (1, 1, 1, 0.07999999999999999, -2.0), (1, 1, 1, 0.039999999999999994, -2.0), (1, 2, 1, 0.039999999999999994, -1.0), (1, 1, 1, 0.039999999999999994, -1.0)]
[(1, 1, 3, 1, -1.0)]
[(1, 1, 2, 1, -1.0)]
[(1, 1, 1, 1, -1.0)]
[(1, 1, 2, 0.8, -2.0), (1, 1, 2, 0.039999999999999994, -2.0), (1, 1, 2, 0.039999999999999994, -2.0), (1, 1, 2, 0.039999999999999994, -2.0), (2, 1, 2, 0.039999999999999994, -1.0), (1, 1, 2, 0.039999999999999994, -1.0)]
[(1, 1, 1, 1, -1.0)]
[(1, 1, 0, 1, -1.0)]
[(1, 1, 2, 1, -1.0)]
[(1, 1, 3, 0.8, -2.0), (1, 1, 3, 0.07999999999999999, -2.0), (1, 1, 3, 0.039999999999999994, -2.0), (2, 1, 3, 0.039999999999999994, -1.0), (1, 1, 3, 0.039999999999999994, -1.0)]
[(1, 1, 0, 1, -1.0)]
[(1, 1, 1, 1, -1.0)]
[(1, 1, 3, 1, -1.0)]
[(1, 1, 0, 0.8, -1.0), (2, 1, 0, 0.039999999999999994, -2.0), (1, 2, 0, 0.039999999999999994, -1.0), (2, 1, 0, 0.039999999999999994, -2.0), (2, 1, 0, 0.039999999999999994, -2.0), (2, 1, 0, 0.039999999999999994, -1.0)]
[(2, 1, 2, 1, -1.0)]
[(2, 1, 3, 1, -1.0)]
[(2, 1, 0, 1, -1.0)]
[(2, 1, 1, 0.8, -2.0), (2, 1, 1, 0.07999999999999999, -2.0), (2, 1, 1, 0.039999999999999994, -2.0), (2, 1, 1, 0.039999999999999994, -2.0), (2, 1, 1, 0.039999999999999994, -1.0)]
[(2, 1, 3, 1, -1.0)]
[(2, 1, 2, 1, -1.0)]
[(2, 1, 1, 1, -1.0)]
[(2, 1, 2, 0.8, -2.0), (2, 1, 2, 0.039999999999999994, -2.0), (2, 1, 2, 0.039999999999999994, -2.0), (1, 1, 2, 0.039999999999999994, -1.0), (3, 1, 2, 0.039999999999999994, -1.0), (2, 1, 2, 0.039999999999999994, -1.0)]
[(2, 1, 1, 1, -1.0)]
[(2, 1, 0, 1, -1.0)]
[(2, 1, 2, 1, -1.0)]
[(2, 1, 3, 0.8, -2.0), (2, 1, 3, 0.07999999999999999, -2.0), (1, 1, 3, 0.039999999999999994, -1.0), (3, 1, 3, 0.039999999999999994, -1.0), (2, 1, 3, 0.039999999999999994, -1.0)]
[(2, 1, 0, 1, -1.0)]
[(2, 1, 1, 1, -1.0)]
[(2, 1, 3, 1, -1.0)]
[(2, 1, 0, 0.8, -1.0), (3, 1, 0, 0.039999999999999994, -2.0), (3, 1, 0, 0.039999999999999994, -2.0), (3, 1, 0, 0.039999999999999994, -2.0), (3, 1, 0, 0.039999999999999994, -2.0), (3, 1, 0, 0.039999999999999994, -1.0)]
[(3, 1, 2, 1, -1.0)]
[(3, 1, 3, 1, -1.0)]
[(3, 1, 0, 1, -1.0)]
[(3, 1, 1, 0.8, -2.0), (3, 1, 1, 0.07999999999999999, -2.0), (3, 1, 1, 0.039999999999999994, -2.0), (3, 1, 1, 0.039999999999999994, -2.0), (3, 1, 1, 0.039999999999999994, -1.0)]
[(3, 1, 3, 1, -1.0)]
[(3, 1, 2, 1, -1.0)]
[(3, 1, 1, 1, -1.0)]
[(3, 1, 2, 0.8, -2.0), (3, 1, 2, 0.039999999999999994, -2.0), (3, 1, 2, 0.039999999999999994, -2.0), (2, 1, 2, 0.039999999999999994, -1.0), (4, 1, 2, 0.039999999999999994, -1.0), (3, 1, 2, 0.039999999999999994, -1.0)]
[(3, 1, 1, 1, -1.0)]
[(3, 1, 0, 1, -1.0)]
[(3, 1, 2, 1, -1.0)]
[(3, 1, 3, 0.8, -2.0), (3, 1, 3, 0.07999999999999999, -2.0), (2, 1, 3, 0.039999999999999994, -1.0), (4, 1, 3, 0.039999999999999994, -1.0), (3, 1, 3, 0.039999999999999994, -1.0)]
[(3, 1, 0, 1, -1.0)]
[(3, 1, 1, 1, -1.0)]
[(3, 1, 3, 1, -1.0)]
[(3, 1, 0, 0.8, -1.0), (4, 1, 0, 0.039999999999999994, -2.0), (4, 1, 0, 0.039999999999999994, -2.0), (4, 1, 0, 0.039999999999999994, -2.0), (4, 2, 0, 0.039999999999999994, -1.0), (4, 1, 0, 0.039999999999999994, -1.0)]
[(4, 1, 2, 1, -1.0)]
[(4, 1, 3, 1, -1.0)]
[(4, 1, 0, 1, -1.0)]
[(4, 1, 1, 0.8, -2.0), (4, 1, 1, 0.07999999999999999, -2.0), (4, 1, 1, 0.039999999999999994, -2.0), (4, 2, 1, 0.039999999999999994, -1.0), (4, 1, 1, 0.039999999999999994, -1.0)]
[(4, 1, 3, 1, -1.0)]
[(4, 1, 2, 1, -1.0)]
[(4, 1, 1, 1, -1.0)]
[(4, 1, 2, 0.8, -2.0), (4, 1, 2, 0.039999999999999994, -2.0), (4, 1, 2, 0.039999999999999994, -2.0), (3, 1, 2, 0.039999999999999994, -1.0), (5, 1, 2, 0.039999999999999994, -1.0), (4, 1, 2, 0.039999999999999994, -1.0)]
[(4, 1, 1, 1, -1.0)]
[(4, 1, 0, 1, -1.0)]
[(4, 1, 2, 1, -1.0)]
[(4, 1, 3, 0.8, -2.0), (4, 1, 3, 0.07999999999999999, -2.0), (3, 1, 3, 0.039999999999999994, -1.0), (5, 1, 3, 0.039999999999999994, -1.0), (4, 1, 3, 0.039999999999999994, -1.0)]
[(4, 1, 0, 1, -1.0)]
[(4, 1, 1, 1, -1.0)]
[(4, 1, 3, 1, -1.0)]
[(4, 1, 0, 0.8, -1.0), (5, 1, 0, 0.039999999999999994, -2.0), (4, 2, 0, 0.039999999999999994, -1.0), (5, 1, 0, 0.039999999999999994, -2.0), (5, 2, 0, 0.039999999999999994, -1.0), (5, 1, 0, 0.039999999999999994, -1.0)]
[(5, 1, 2, 1, -1.0)]
[(5, 1, 3, 1, -1.0)]
[(5, 1, 0, 1, -1.0)]
[(5, 1, 1, 0.8, -2.0), (5, 1, 1, 0.07999999999999999, -2.0), (5, 1, 1, 0.039999999999999994, -2.0), (5, 2, 1, 0.039999999999999994, -1.0), (5, 1, 1, 0.039999999999999994, -1.0)]
[(5, 1, 3, 1, -1.0)]
[(5, 1, 2, 1, -1.0)]
[(5, 1, 1, 1, -1.0)]
[(5, 1, 2, 0.8, -2.0), (5, 1, 2, 0.039999999999999994, -2.0), (5, 1, 2, 0.039999999999999994, -2.0), (4, 1, 2, 0.039999999999999994, -1.0), (5, 1, 2, 0.039999999999999994, -2.0), (5, 1, 2, 0.039999999999999994, -1.0)]
[(5, 1, 1, 1, -1.0)]
[(5, 1, 0, 1, -1.0)]
[(5, 1, 2, 1, -1.0)]
[(5, 1, 3, 0.8, -2.0), (5, 1, 3, 0.07999999999999999, -2.0), (4, 1, 3, 0.039999999999999994, -1.0), (5, 1, 3, 0.039999999999999994, -2.0), (5, 1, 3, 0.039999999999999994, -1.0)]
[(5, 1, 0, 1, -1.0)]
[(5, 1, 1, 1, -1.0)]
[(5, 1, 3, 1, -1.0)]
[(1, 2, 0, 0.8, -2.0), (1, 2, 0, 0.039999999999999994, -2.0), (1, 2, 0, 0.039999999999999994, -2.0), (1, 1, 0, 0.039999999999999994, -1.0), (1, 3, 0, 0.039999999999999994, -1.0), (1, 2, 0, 0.039999999999999994, -1.0)]
[(1, 2, 2, 1, -1.0)]
[(1, 2, 3, 1, -1.0)]
[(1, 2, 0, 1, -1.0)]
[(1, 2, 1, 0.8, -2.0), (1, 2, 1, 0.07999999999999999, -2.0), (1, 1, 1, 0.039999999999999994, -1.0), (1, 3, 1, 0.039999999999999994, -1.0), (1, 2, 1, 0.039999999999999994, -1.0)]
[(1, 2, 3, 1, -1.0)]
[(1, 2, 2, 1, -1.0)]
[(1, 2, 1, 1, -1.0)]
[(1, 1, 2, 0.8, -1.0), (1, 2, 2, 0.039999999999999994, -2.0), (2, 1, 2, 0.039999999999999994, -1.0), (1, 2, 2, 0.039999999999999994, -2.0), (1, 2, 2, 0.039999999999999994, -2.0), (1, 2, 2, 0.039999999999999994, -1.0)]
[(1, 2, 1, 1, -1.0)]
[(1, 2, 0, 1, -1.0)]
[(1, 2, 2, 1, -1.0)]
[(1, 2, 3, 0.8, -2.0), (1, 2, 3, 0.07999999999999999, -2.0), (1, 2, 3, 0.039999999999999994, -2.0), (1, 2, 3, 0.039999999999999994, -2.0), (1, 2, 3, 0.039999999999999994, -1.0)]
[(1, 2, 0, 1, -1.0)]
[(1, 2, 1, 1, -1.0)]
[(1, 2, 3, 1, -1.0)]
[(1, 2, 0, 0.8, -1.0), (1, 1, 0, 0.039999999999999994, -1.0), (1, 3, 0, 0.039999999999999994, -1.0), (2, 1, 0, 0.039999999999999994, -1.0), (2, 3, 0, 0.039999999999999994, -1.0), (2, 2, 0, 0.039999999999999994, -2.0)]
[(2, 2, 2, 1, -1.0)]
[(2, 2, 3, 1, -1.0)]
[(2, 2, 0, 1, -1.0)]
[(2, 2, 1, 0.8, -2.0), (2, 2, 1, 0.07999999999999999, -2.0), (2, 1, 1, 0.039999999999999994, -1.0), (2, 3, 1, 0.039999999999999994, -1.0), (2, 2, 1, 0.039999999999999994, -2.0)]
[(2, 2, 3, 1, -1.0)]
[(2, 2, 2, 1, -1.0)]
[(2, 2, 1, 1, -1.0)]
[(2, 1, 2, 0.8, -1.0), (1, 1, 2, 0.039999999999999994, -1.0), (3, 1, 2, 0.039999999999999994, -1.0), (1, 2, 2, 0.039999999999999994, -1.0), (2, 2, 2, 0.039999999999999994, -2.0), (2, 2, 2, 0.039999999999999994, -2.0)]
[(2, 2, 1, 1, -1.0)]
[(2, 2, 0, 1, -1.0)]
[(2, 2, 2, 1, -1.0)]
[(2, 2, 3, 0.8, -2.0), (2, 2, 3, 0.07999999999999999, -2.0), (1, 2, 3, 0.039999999999999994, -1.0), (2, 2, 3, 0.039999999999999994, -2.0), (2, 2, 3, 0.039999999999999994, -2.0)]
[(2, 2, 0, 1, -1.0)]
[(2, 2, 1, 1, -1.0)]
[(2, 2, 3, 1, -1.0)]
[(3, 2, 0, 0.8, -2.0), (2, 1, 0, 0.039999999999999994, -1.0), (2, 3, 0, 0.039999999999999994, -1.0), (3, 1, 0, 0.039999999999999994, -1.0), (3, 2, 0, 0.039999999999999994, -2.0), (3, 2, 0, 0.039999999999999994, -2.0)]
[(3, 2, 2, 1, -1.0)]
[(3, 2, 3, 1, -1.0)]
[(3, 2, 0, 1, -1.0)]
[(3, 2, 1, 0.8, -2.0), (3, 2, 1, 0.07999999999999999, -2.0), (3, 1, 1, 0.039999999999999994, -1.0), (3, 2, 1, 0.039999999999999994, -2.0), (3, 2, 1, 0.039999999999999994, -2.0)]
[(3, 2, 3, 1, -1.0)]
[(3, 2, 2, 1, -1.0)]
[(3, 2, 1, 1, -1.0)]
[(3, 1, 2, 0.8, -1.0), (2, 1, 2, 0.039999999999999994, -1.0), (4, 1, 2, 0.039999999999999994, -1.0), (3, 2, 2, 0.039999999999999994, -2.0), (4, 2, 2, 0.039999999999999994, -1.0), (3, 2, 2, 0.039999999999999994, -2.0)]
[(3, 2, 1, 1, -1.0)]
[(3, 2, 0, 1, -1.0)]
[(3, 2, 2, 1, -1.0)]
[(3, 2, 3, 0.8, -2.0), (3, 2, 3, 0.07999999999999999, -2.0), (3, 2, 3, 0.039999999999999994, -2.0), (4, 2, 3, 0.039999999999999994, -1.0), (3, 2, 3, 0.039999999999999994, -2.0)]
[(3, 2, 0, 1, -1.0)]
[(3, 2, 1, 1, -1.0)]
[(3, 2, 3, 1, -1.0)]
[(4, 2, 0, 0.8, -2.0), (3, 1, 0, 0.039999999999999994, -1.0), (4, 2, 0, 0.039999999999999994, -2.0), (4, 1, 0, 0.039999999999999994, -1.0), (4, 3, 0, 0.039999999999999994, -1.0), (4, 2, 0, 0.039999999999999994, -1.0)]
[(4, 2, 2, 1, -1.0)]
[(4, 2, 3, 1, -1.0)]
[(4, 2, 0, 1, -1.0)]
[(4, 2, 1, 0.8, -2.0), (4, 2, 1, 0.07999999999999999, -2.0), (4, 1, 1, 0.039999999999999994, -1.0), (4, 3, 1, 0.039999999999999994, -1.0), (4, 2, 1, 0.039999999999999994, -1.0)]
[(4, 2, 3, 1, -1.0)]
[(4, 2, 2, 1, -1.0)]
[(4, 2, 1, 1, -1.0)]
[(4, 1, 2, 0.8, -1.0), (3, 1, 2, 0.039999999999999994, -1.0), (5, 1, 2, 0.039999999999999994, -1.0), (4, 2, 2, 0.039999999999999994, -2.0), (5, 2, 2, 0.039999999999999994, -1.0), (4, 2, 2, 0.039999999999999994, -1.0)]
[(4, 2, 1, 1, -1.0)]
[(4, 2, 0, 1, -1.0)]
[(4, 2, 2, 1, -1.0)]
[(4, 2, 3, 0.8, -2.0), (4, 2, 3, 0.07999999999999999, -2.0), (4, 2, 3, 0.039999999999999994, -2.0), (5, 2, 3, 0.039999999999999994, -1.0), (4, 2, 3, 0.039999999999999994, -1.0)]
[(4, 2, 0, 1, -1.0)]
[(4, 2, 1, 1, -1.0)]
[(4, 2, 3, 1, -1.0)]
[(4, 2, 0, 0.8, -1.0), (4, 1, 0, 0.039999999999999994, -1.0), (4, 3, 0, 0.039999999999999994, -1.0), (5, 1, 0, 0.039999999999999994, -1.0), (5, 2, 0, 0.039999999999999994, -20.0), (5, 2, 0, 0.039999999999999994, -1.0)]
[(5, 2, 2, 1, -1.0)]
[(5, 2, 3, 1, -1.0)]
[(5, 2, 0, 1, -1.0)]
[(5, 2, 1, 0.8, -2.0), (5, 2, 1, 0.07999999999999999, -2.0), (5, 1, 1, 0.039999999999999994, -1.0), (5, 2, 1, 0.039999999999999994, -20.0), (5, 2, 1, 0.039999999999999994, -1.0)]
[(5, 2, 3, 1, -1.0)]
[(5, 2, 2, 1, -1.0)]
[(5, 2, 1, 1, -1.0)]
[(5, 1, 2, 0.8, -1.0), (4, 1, 2, 0.039999999999999994, -1.0), (5, 2, 2, 0.039999999999999994, -2.0), (4, 2, 2, 0.039999999999999994, -1.0), (5, 2, 2, 0.039999999999999994, -2.0), (5, 2, 2, 0.039999999999999994, -1.0)]
[(5, 2, 1, 1, -1.0)]
[(5, 2, 0, 1, -1.0)]
[(5, 2, 2, 1, -1.0)]
[(5, 2, 3, 0.8, -2.0), (5, 2, 3, 0.07999999999999999, -2.0), (4, 2, 3, 0.039999999999999994, -1.0), (5, 2, 3, 0.039999999999999994, -2.0), (5, 2, 3, 0.039999999999999994, -1.0)]
[(5, 2, 0, 1, -1.0)]
[(5, 2, 1, 1, -1.0)]
[(5, 2, 3, 1, -1.0)]
[(1, 3, 0, 0.8, -2.0), (1, 3, 0, 0.039999999999999994, -2.0), (1, 3, 0, 0.039999999999999994, -2.0), (1, 2, 0, 0.039999999999999994, -1.0), (1, 3, 0, 0.039999999999999994, -2.0), (1, 3, 0, 0.039999999999999994, -1.0)]
[(1, 3, 2, 1, -1.0)]
[(1, 3, 3, 1, -1.0)]
[(1, 3, 0, 1, -1.0)]
[(1, 3, 1, 0.8, -2.0), (1, 3, 1, 0.07999999999999999, -2.0), (1, 2, 1, 0.039999999999999994, -1.0), (1, 3, 1, 0.039999999999999994, -2.0), (1, 3, 1, 0.039999999999999994, -1.0)]
[(1, 3, 3, 1, -1.0)]
[(1, 3, 2, 1, -1.0)]
[(1, 3, 1, 1, -1.0)]
[(1, 2, 2, 0.8, -1.0), (1, 3, 2, 0.039999999999999994, -2.0), (1, 3, 2, 0.039999999999999994, -2.0), (1, 3, 2, 0.039999999999999994, -2.0), (2, 3, 2, 0.039999999999999994, -1.0), (1, 3, 2, 0.039999999999999994, -1.0)]
[(1, 3, 1, 1, -1.0)]
[(1, 3, 0, 1, -1.0)]
[(1, 3, 2, 1, -1.0)]
[(1, 3, 3, 0.8, -2.0), (1, 3, 3, 0.07999999999999999, -2.0), (1, 3, 3, 0.039999999999999994, -2.0), (2, 3, 3, 0.039999999999999994, -1.0), (1, 3, 3, 0.039999999999999994, -1.0)]
[(1, 3, 0, 1, -1.0)]
[(1, 3, 1, 1, -1.0)]
[(1, 3, 3, 1, -1.0)]
[(1, 3, 0, 0.8, -1.0), (1, 2, 0, 0.039999999999999994, -1.0), (2, 3, 0, 0.039999999999999994, -2.0), (2, 3, 0, 0.039999999999999994, -2.0), (2, 4, 0, 0.039999999999999994, -1.0), (2, 3, 0, 0.039999999999999994, -1.0)]
[(2, 3, 2, 1, -1.0)]
[(2, 3, 3, 1, -1.0)]
[(2, 3, 0, 1, -1.0)]
[(2, 3, 1, 0.8, -2.0), (2, 3, 1, 0.07999999999999999, -2.0), (2, 3, 1, 0.039999999999999994, -2.0), (2, 4, 1, 0.039999999999999994, -1.0), (2, 3, 1, 0.039999999999999994, -1.0)]
[(2, 3, 3, 1, -1.0)]
[(2, 3, 2, 1, -1.0)]
[(2, 3, 1, 1, -1.0)]
[(2, 3, 2, 0.8, -2.0), (1, 2, 2, 0.039999999999999994, -1.0), (2, 3, 2, 0.039999999999999994, -2.0), (1, 3, 2, 0.039999999999999994, -1.0), (2, 3, 2, 0.039999999999999994, -2.0), (2, 3, 2, 0.039999999999999994, -1.0)]
[(2, 3, 1, 1, -1.0)]
[(2, 3, 0, 1, -1.0)]
[(2, 3, 2, 1, -1.0)]
[(2, 3, 3, 0.8, -2.0), (2, 3, 3, 0.07999999999999999, -2.0), (1, 3, 3, 0.039999999999999994, -1.0), (2, 3, 3, 0.039999999999999994, -2.0), (2, 3, 3, 0.039999999999999994, -1.0)]
[(2, 3, 0, 1, -1.0)]
[(2, 3, 1, 1, -1.0)]
[(2, 3, 3, 1, -1.0)]
[(2, 3, 0, 0.8, -1.0), (3, 3, 0, 0.039999999999999994, -2.0), (2, 4, 0, 0.039999999999999994, -1.0), (3, 3, 0, 0.039999999999999994, -2.0), (3, 3, 0, 0.039999999999999994, -2.0), (3, 3, 0, 0.039999999999999994, -2.0)]
[(3, 3, 2, 1, -1.0)]
[(3, 3, 3, 1, -1.0)]
[(3, 3, 0, 1, -1.0)]
[(3, 3, 1, 0.8, -2.0), (3, 3, 1, 0.07999999999999999, -2.0), (3, 3, 1, 0.039999999999999994, -2.0), (3, 3, 1, 0.039999999999999994, -2.0), (3, 3, 1, 0.039999999999999994, -2.0)]
[(3, 3, 3, 1, -1.0)]
[(3, 3, 2, 1, -1.0)]
[(3, 3, 1, 1, -1.0)]
[(3, 3, 2, 0.8, -2.0), (3, 3, 2, 0.039999999999999994, -2.0), (4, 2, 2, 0.039999999999999994, -1.0), (2, 3, 2, 0.039999999999999994, -1.0), (4, 3, 2, 0.039999999999999994, -1.0), (3, 3, 2, 0.039999999999999994, -2.0)]
[(3, 3, 1, 1, -1.0)]
[(3, 3, 0, 1, -1.0)]
[(3, 3, 2, 1, -1.0)]
[(3, 3, 3, 0.8, -2.0), (3, 3, 3, 0.07999999999999999, -2.0), (2, 3, 3, 0.039999999999999994, -1.0), (4, 3, 3, 0.039999999999999994, -1.0), (3, 3, 3, 0.039999999999999994, -2.0)]
[(3, 3, 0, 1, -1.0)]
[(3, 3, 1, 1, -1.0)]
[(3, 3, 3, 1, -1.0)]
[(4, 3, 0, 0.8, -2.0), (4, 3, 0, 0.039999999999999994, -2.0), (4, 3, 0, 0.039999999999999994, -2.0), (4, 2, 0, 0.039999999999999994, -1.0), (4, 4, 0, 0.039999999999999994, -1.0), (4, 3, 0, 0.039999999999999994, -1.0)]
[(4, 3, 2, 1, -1.0)]
[(4, 3, 3, 1, -1.0)]
[(4, 3, 0, 1, -1.0)]
[(4, 3, 1, 0.8, -2.0), (4, 3, 1, 0.07999999999999999, -2.0), (4, 2, 1, 0.039999999999999994, -1.0), (4, 4, 1, 0.039999999999999994, -1.0), (4, 3, 1, 0.039999999999999994, -1.0)]
[(4, 3, 3, 1, -1.0)]
[(4, 3, 2, 1, -1.0)]
[(4, 3, 1, 1, -1.0)]
[(4, 2, 2, 0.8, -1.0), (4, 3, 2, 0.039999999999999994, -2.0), (5, 2, 2, 0.039999999999999994, -1.0), (4, 3, 2, 0.039999999999999994, -2.0), (4, 3, 2, 0.039999999999999994, -20.0), (4, 3, 2, 0.039999999999999994, -1.0)]
[(4, 3, 1, 1, -1.0)]
[(4, 3, 0, 1, -1.0)]
[(4, 3, 2, 1, -1.0)]
[(4, 3, 3, 0.8, -2.0), (4, 3, 3, 0.07999999999999999, -2.0), (4, 3, 3, 0.039999999999999994, -2.0), (4, 3, 3, 0.039999999999999994, -20.0), (4, 3, 3, 0.039999999999999994, -1.0)]
[(4, 3, 0, 1, -1.0)]
[(4, 3, 1, 1, -1.0)]
[(4, 3, 3, 1, -1.0)]
[(4, 3, 0, 0.8, -1.0), (4, 2, 0, 0.039999999999999994, -1.0), (4, 4, 0, 0.039999999999999994, -1.0), (5, 2, 0, 0.039999999999999994, -1.0), (5, 3, 0, 0.039999999999999994, -20.0), (5, 3, 0, 0.039999999999999994, -20.0)]
[(5, 3, 2, 1, -1.0)]
[(5, 3, 3, 1, -1.0)]
[(5, 3, 0, 1, -1.0)]
[(5, 3, 1, 0.8, -2.0), (5, 3, 1, 0.07999999999999999, -2.0), (5, 2, 1, 0.039999999999999994, -1.0), (5, 3, 1, 0.039999999999999994, -20.0), (5, 3, 1, 0.039999999999999994, -20.0)]
[(5, 3, 3, 1, -1.0)]
[(5, 3, 2, 1, -1.0)]
[(5, 3, 1, 1, -1.0)]
[(5, 2, 2, 0.8, -1.0), (4, 2, 2, 0.039999999999999994, -1.0), (5, 3, 2, 0.039999999999999994, -2.0), (4, 3, 2, 0.039999999999999994, -1.0), (5, 3, 2, 0.039999999999999994, -2.0), (5, 3, 2, 0.039999999999999994, -20.0)]
[(5, 3, 1, 1, -1.0)]
[(5, 3, 0, 1, -1.0)]
[(5, 3, 2, 1, -1.0)]
[(5, 3, 3, 0.8, -2.0), (5, 3, 3, 0.07999999999999999, -2.0), (4, 3, 3, 0.039999999999999994, -1.0), (5, 3, 3, 0.039999999999999994, -2.0), (5, 3, 3, 0.039999999999999994, -20.0)]
[(5, 3, 0, 1, -1.0)]
[(5, 3, 1, 1, -1.0)]
[(5, 3, 3, 1, -1.0)]
[(1, 4, 0, 0.8, -2.0), (1, 4, 0, 0.039999999999999994, -2.0), (1, 4, 0, 0.039999999999999994, -2.0), (1, 3, 0, 0.039999999999999994, -1.0), (1, 4, 0, 0.039999999999999994, -2.0), (1, 4, 0, 0.039999999999999994, -2.0)]
[(1, 4, 2, 1, -1.0)]
[(1, 4, 3, 1, -1.0)]
[(1, 4, 0, 1, -1.0)]
[(1, 4, 1, 0.8, -2.0), (1, 4, 1, 0.07999999999999999, -2.0), (1, 3, 1, 0.039999999999999994, -1.0), (1, 4, 1, 0.039999999999999994, -2.0), (1, 4, 1, 0.039999999999999994, -2.0)]
[(1, 4, 3, 1, -1.0)]
[(1, 4, 2, 1, -1.0)]
[(1, 4, 1, 1, -1.0)]
[(1, 3, 2, 0.8, -1.0), (1, 4, 2, 0.039999999999999994, -2.0), (2, 3, 2, 0.039999999999999994, -1.0), (1, 4, 2, 0.039999999999999994, -2.0), (2, 4, 2, 0.039999999999999994, -1.0), (1, 4, 2, 0.039999999999999994, -2.0)]
[(1, 4, 1, 1, -1.0)]
[(1, 4, 0, 1, -1.0)]
[(1, 4, 2, 1, -1.0)]
[(1, 4, 3, 0.8, -2.0), (1, 4, 3, 0.07999999999999999, -2.0), (1, 4, 3, 0.039999999999999994, -2.0), (2, 4, 3, 0.039999999999999994, -1.0), (1, 4, 3, 0.039999999999999994, -2.0)]
[(1, 4, 0, 1, -1.0)]
[(1, 4, 1, 1, -1.0)]
[(1, 4, 3, 1, -1.0)]
[(2, 4, 0, 0.8, -2.0), (1, 3, 0, 0.039999999999999994, -1.0), (2, 4, 0, 0.039999999999999994, -2.0), (2, 3, 0, 0.039999999999999994, -1.0), (2, 5, 0, 0.039999999999999994, -1.0), (2, 4, 0, 0.039999999999999994, -1.0)]
[(2, 4, 2, 1, -1.0)]
[(2, 4, 3, 1, -1.0)]
[(2, 4, 0, 1, -1.0)]
[(2, 4, 1, 0.8, -2.0), (2, 4, 1, 0.07999999999999999, -2.0), (2, 3, 1, 0.039999999999999994, -1.0), (2, 5, 1, 0.039999999999999994, -1.0), (2, 4, 1, 0.039999999999999994, -1.0)]
[(2, 4, 3, 1, -1.0)]
[(2, 4, 2, 1, -1.0)]
[(2, 4, 1, 1, -1.0)]
[(2, 3, 2, 0.8, -1.0), (1, 3, 2, 0.039999999999999994, -1.0), (2, 4, 2, 0.039999999999999994, -2.0), (2, 4, 2, 0.039999999999999994, -2.0), (2, 4, 2, 0.039999999999999994, -2.0), (2, 4, 2, 0.039999999999999994, -1.0)]
[(2, 4, 1, 1, -1.0)]
[(2, 4, 0, 1, -1.0)]
[(2, 4, 2, 1, -1.0)]
[(2, 4, 3, 0.8, -2.0), (2, 4, 3, 0.07999999999999999, -2.0), (2, 4, 3, 0.039999999999999994, -2.0), (2, 4, 3, 0.039999999999999994, -2.0), (2, 4, 3, 0.039999999999999994, -1.0)]
[(2, 4, 0, 1, -1.0)]
[(2, 4, 1, 1, -1.0)]
[(2, 4, 3, 1, -1.0)]
[(2, 4, 0, 0.8, -1.0), (2, 3, 0, 0.039999999999999994, -1.0), (2, 5, 0, 0.039999999999999994, -1.0), (3, 4, 0, 0.039999999999999994, -2.0), (3, 5, 0, 0.039999999999999994, 0.0), (3, 4, 0, 0.039999999999999994, -2.0)]
[(3, 4, 2, 1, -1.0)]
[(3, 4, 3, 1, -1.0)]
[(3, 4, 0, 1, -1.0)]
[(3, 4, 1, 0.8, -2.0), (3, 4, 1, 0.07999999999999999, -2.0), (3, 4, 1, 0.039999999999999994, -2.0), (3, 5, 1, 0.039999999999999994, 0.0), (3, 4, 1, 0.039999999999999994, -2.0)]
[(3, 4, 3, 1, -1.0)]
[(3, 4, 2, 1, -1.0)]
[(3, 4, 1, 1, -1.0)]
[(3, 4, 2, 0.8, -2.0), (2, 3, 2, 0.039999999999999994, -1.0), (4, 3, 2, 0.039999999999999994, -1.0), (2, 4, 2, 0.039999999999999994, -1.0), (4, 4, 2, 0.039999999999999994, -1.0), (3, 4, 2, 0.039999999999999994, -2.0)]
[(3, 4, 1, 1, -1.0)]
[(3, 4, 0, 1, -1.0)]
[(3, 4, 2, 1, -1.0)]
[(3, 4, 3, 0.8, -2.0), (3, 4, 3, 0.07999999999999999, -2.0), (2, 4, 3, 0.039999999999999994, -1.0), (4, 4, 3, 0.039999999999999994, -1.0), (3, 4, 3, 0.039999999999999994, -2.0)]
[(3, 4, 0, 1, -1.0)]
[(3, 4, 1, 1, -1.0)]
[(3, 4, 3, 1, -1.0)]
[(4, 4, 0, 0.8, -2.0), (4, 4, 0, 0.039999999999999994, -2.0), (3, 5, 0, 0.039999999999999994, 0.0), (4, 3, 0, 0.039999999999999994, -1.0), (4, 5, 0, 0.039999999999999994, -1.0), (4, 4, 0, 0.039999999999999994, -1.0)]
[(4, 4, 2, 1, -1.0)]
[(4, 4, 3, 1, -1.0)]
[(4, 4, 0, 1, -1.0)]
[(4, 4, 1, 0.8, -2.0), (4, 4, 1, 0.07999999999999999, -2.0), (4, 3, 1, 0.039999999999999994, -1.0), (4, 5, 1, 0.039999999999999994, -1.0), (4, 4, 1, 0.039999999999999994, -1.0)]
[(4, 4, 3, 1, -1.0)]
[(4, 4, 2, 1, -1.0)]
[(4, 4, 1, 1, -1.0)]
[(4, 3, 2, 0.8, -1.0), (4, 4, 2, 0.039999999999999994, -2.0), (4, 4, 2, 0.039999999999999994, -20.0), (4, 4, 2, 0.039999999999999994, -2.0), (4, 4, 2, 0.039999999999999994, -20.0), (4, 4, 2, 0.039999999999999994, -1.0)]
[(4, 4, 1, 1, -1.0)]
[(4, 4, 0, 1, -1.0)]
[(4, 4, 2, 1, -1.0)]
[(4, 4, 3, 0.8, -2.0), (4, 4, 3, 0.07999999999999999, -2.0), (4, 4, 3, 0.039999999999999994, -2.0), (4, 4, 3, 0.039999999999999994, -20.0), (4, 4, 3, 0.039999999999999994, -1.0)]
[(4, 4, 0, 1, -1.0)]
[(4, 4, 1, 1, -1.0)]
[(4, 4, 3, 1, -1.0)]
[(4, 4, 0, 0.8, -1.0), (4, 3, 0, 0.039999999999999994, -1.0), (4, 5, 0, 0.039999999999999994, -1.0), (5, 4, 0, 0.039999999999999994, -20.0), (5, 4, 0, 0.039999999999999994, -20.0), (5, 4, 0, 0.039999999999999994, -20.0)]
[(5, 4, 2, 1, -1.0)]
[(5, 4, 3, 1, -1.0)]
[(5, 4, 0, 1, -1.0)]
[(5, 4, 1, 0.8, -2.0), (5, 4, 1, 0.07999999999999999, -2.0), (5, 4, 1, 0.039999999999999994, -20.0), (5, 4, 1, 0.039999999999999994, -20.0), (5, 4, 1, 0.039999999999999994, -20.0)]
[(5, 4, 3, 1, -1.0)]
[(5, 4, 2, 1, -1.0)]
[(5, 4, 1, 1, -1.0)]
[(5, 4, 2, 0.8, -20.0), (4, 3, 2, 0.039999999999999994, -1.0), (5, 4, 2, 0.039999999999999994, -2.0), (4, 4, 2, 0.039999999999999994, -1.0), (5, 4, 2, 0.039999999999999994, -2.0), (5, 4, 2, 0.039999999999999994, -20.0)]
[(5, 4, 1, 1, -1.0)]
[(5, 4, 0, 1, -1.0)]
[(5, 4, 2, 1, -1.0)]
[(5, 4, 3, 0.8, -2.0), (5, 4, 3, 0.07999999999999999, -2.0), (4, 4, 3, 0.039999999999999994, -1.0), (5, 4, 3, 0.039999999999999994, -2.0), (5, 4, 3, 0.039999999999999994, -20.0)]
[(5, 4, 0, 1, -1.0)]
[(5, 4, 1, 1, -1.0)]
[(5, 4, 3, 1, -1.0)]
[(1, 5, 0, 0.8, -2.0), (1, 5, 0, 0.039999999999999994, -2.0), (1, 5, 0, 0.039999999999999994, -2.0), (1, 5, 0, 0.039999999999999994, -2.0), (1, 5, 0, 0.039999999999999994, -2.0), (1, 5, 0, 0.039999999999999994, -2.0)]
[(1, 5, 2, 1, -1.0)]
[(1, 5, 3, 1, -1.0)]
[(1, 5, 0, 1, -1.0)]
[(1, 5, 1, 0.8, -2.0), (1, 5, 1, 0.07999999999999999, -2.0), (1, 5, 1, 0.039999999999999994, -2.0), (1, 5, 1, 0.039999999999999994, -2.0), (1, 5, 1, 0.039999999999999994, -2.0)]
[(1, 5, 3, 1, -1.0)]
[(1, 5, 2, 1, -1.0)]
[(1, 5, 1, 1, -1.0)]
[(1, 5, 2, 0.8, -2.0), (1, 5, 2, 0.039999999999999994, -2.0), (2, 4, 2, 0.039999999999999994, -1.0), (1, 5, 2, 0.039999999999999994, -2.0), (2, 5, 2, 0.039999999999999994, -1.0), (1, 5, 2, 0.039999999999999994, -2.0)]
[(1, 5, 1, 1, -1.0)]
[(1, 5, 0, 1, -1.0)]
[(1, 5, 2, 1, -1.0)]
[(1, 5, 3, 0.8, -2.0), (1, 5, 3, 0.07999999999999999, -2.0), (1, 5, 3, 0.039999999999999994, -2.0), (2, 5, 3, 0.039999999999999994, -1.0), (1, 5, 3, 0.039999999999999994, -2.0)]
[(1, 5, 0, 1, -1.0)]
[(1, 5, 1, 1, -1.0)]
[(1, 5, 3, 1, -1.0)]
[(2, 5, 0, 0.8, -2.0), (2, 5, 0, 0.039999999999999994, -2.0), (2, 5, 0, 0.039999999999999994, -2.0), (2, 4, 0, 0.039999999999999994, -1.0), (2, 5, 0, 0.039999999999999994, -2.0), (2, 5, 0, 0.039999999999999994, -1.0)]
[(2, 5, 2, 1, -1.0)]
[(2, 5, 3, 1, -1.0)]
[(2, 5, 0, 1, -1.0)]
[(2, 5, 1, 0.8, -2.0), (2, 5, 1, 0.07999999999999999, -2.0), (2, 4, 1, 0.039999999999999994, -1.0), (2, 5, 1, 0.039999999999999994, -2.0), (2, 5, 1, 0.039999999999999994, -1.0)]
[(2, 5, 3, 1, -1.0)]
[(2, 5, 2, 1, -1.0)]
[(2, 5, 1, 1, -1.0)]
[(2, 4, 2, 0.8, -1.0), (2, 5, 2, 0.039999999999999994, -2.0), (2, 5, 2, 0.039999999999999994, -2.0), (2, 5, 2, 0.039999999999999994, -2.0), (3, 5, 2, 0.039999999999999994, 0.0), (2, 5, 2, 0.039999999999999994, -1.0)]
[(2, 5, 1, 1, -1.0)]
[(2, 5, 0, 1, -1.0)]
[(2, 5, 2, 1, -1.0)]
[(2, 5, 3, 0.8, -2.0), (2, 5, 3, 0.07999999999999999, -2.0), (2, 5, 3, 0.039999999999999994, -2.0), (3, 5, 3, 0.039999999999999994, 0.0), (2, 5, 3, 0.039999999999999994, -1.0)]
[(2, 5, 0, 1, -1.0)]
[(2, 5, 1, 1, -1.0)]
[(2, 5, 3, 1, -1.0)]
[(3, 5, 0, 0.8, 0.0), (4, 5, 0, 0.039999999999999994, -2.0), (4, 5, 0, 0.039999999999999994, -2.0), (4, 4, 0, 0.039999999999999994, -1.0), (4, 5, 0, 0.039999999999999994, -2.0), (4, 5, 0, 0.039999999999999994, -1.0)]
[(4, 5, 2, 1, -1.0)]
[(4, 5, 3, 1, -1.0)]
[(4, 5, 0, 1, -1.0)]
[(4, 5, 1, 0.8, -2.0), (4, 5, 1, 0.07999999999999999, -2.0), (4, 4, 1, 0.039999999999999994, -1.0), (4, 5, 1, 0.039999999999999994, -2.0), (4, 5, 1, 0.039999999999999994, -1.0)]
[(4, 5, 3, 1, -1.0)]
[(4, 5, 2, 1, -1.0)]
[(4, 5, 1, 1, -1.0)]
[(4, 4, 2, 0.8, -1.0), (4, 5, 2, 0.039999999999999994, -2.0), (4, 5, 2, 0.039999999999999994, -20.0), (3, 5, 2, 0.039999999999999994, 0.0), (4, 5, 2, 0.039999999999999994, -20.0), (4, 5, 2, 0.039999999999999994, -1.0)]
[(4, 5, 1, 1, -1.0)]
[(4, 5, 0, 1, -1.0)]
[(4, 5, 2, 1, -1.0)]
[(4, 5, 3, 0.8, -2.0), (4, 5, 3, 0.07999999999999999, -2.0), (3, 5, 3, 0.039999999999999994, 0.0), (4, 5, 3, 0.039999999999999994, -20.0), (4, 5, 3, 0.039999999999999994, -1.0)]
[(4, 5, 0, 1, -1.0)]
[(4, 5, 1, 1, -1.0)]
[(4, 5, 3, 1, -1.0)]
[(4, 5, 0, 0.8, -1.0), (4, 4, 0, 0.039999999999999994, -1.0), (5, 5, 0, 0.039999999999999994, -2.0), (5, 5, 0, 0.039999999999999994, -20.0), (5, 5, 0, 0.039999999999999994, -2.0), (5, 5, 0, 0.039999999999999994, -20.0)]
[(5, 5, 2, 1, -1.0)]
[(5, 5, 3, 1, -1.0)]
[(5, 5, 0, 1, -1.0)]
[(5, 5, 1, 0.8, -2.0), (5, 5, 1, 0.07999999999999999, -2.0), (5, 5, 1, 0.039999999999999994, -20.0), (5, 5, 1, 0.039999999999999994, -2.0), (5, 5, 1, 0.039999999999999994, -20.0)]
[(5, 5, 3, 1, -1.0)]
[(5, 5, 2, 1, -1.0)]
[(5, 5, 1, 1, -1.0)]
[(5, 5, 2, 0.8, -20.0), (4, 4, 2, 0.039999999999999994, -1.0), (5, 5, 2, 0.039999999999999994, -2.0), (4, 5, 2, 0.039999999999999994, -1.0), (5, 5, 2, 0.039999999999999994, -2.0), (5, 5, 2, 0.039999999999999994, -20.0)]
[(5, 5, 1, 1, -1.0)]
[(5, 5, 0, 1, -1.0)]
[(5, 5, 2, 1, -1.0)]
[(5, 5, 3, 0.8, -2.0), (5, 5, 3, 0.07999999999999999, -2.0), (4, 5, 3, 0.039999999999999994, -1.0), (5, 5, 3, 0.039999999999999994, -2.0), (5, 5, 3, 0.039999999999999994, -20.0)]
[(5, 5, 0, 1, -1.0)]
[(5, 5, 1, 1, -1.0)]
[(5, 5, 3, 1, -1.0)]
[(1, 1, 0, 0.8, -2.0), (1, 1, 0, 0.039999999999999994, -2.0), (1, 1, 0, 0.039999999999999994, -2.0), (1, 1, 0, 0.039999999999999994, -2.0), (1, 2, 0, 0.039999999999999994, -1.0), (1, 1, 0, 0.039999999999999994, -1.0)]
[(1, 1, 2, 1, -1.0)]
[(1, 1, 3, 1, -1.0)]
[(1, 1, 0, 1, -1.0)]
[(1, 1, 1, 0.8, -2.0), (1, 1, 1, 0.07999999999999999, -2.0), (1, 1, 1, 0.039999999999999994, -2.0), (1, 2, 1, 0.039999999999999994, -1.0), (1, 1, 1, 0.039999999999999994, -1.0)]
[(1, 1, 3, 1, -1.0)]
[(1, 1, 2, 1, -1.0)]
[(1, 1, 1, 1, -1.0)]
[(1, 1, 2, 0.8, -2.0), (1, 1, 2, 0.039999999999999994, -2.0), (1, 1, 2, 0.039999999999999994, -2.0), (1, 1, 2, 0.039999999999999994, -2.0), (2, 1, 2, 0.039999999999999994, -1.0), (1, 1, 2, 0.039999999999999994, -1.0)]
[(1, 1, 1, 1, -1.0)]
[(1, 1, 0, 1, -1.0)]
[(1, 1, 2, 1, -1.0)]
[(1, 1, 3, 0.8, -2.0), (1, 1, 3, 0.07999999999999999, -2.0), (1, 1, 3, 0.039999999999999994, -2.0), (2, 1, 3, 0.039999999999999994, -1.0), (1, 1, 3, 0.039999999999999994, -1.0)]
[(1, 1, 0, 1, -1.0)]
[(1, 1, 1, 1, -1.0)]
[(1, 1, 3, 1, -1.0)]
[(1, 1, 0, 0.8, -1.0), (2, 1, 0, 0.039999999999999994, -2.0), (1, 2, 0, 0.039999999999999994, -1.0), (2, 1, 0, 0.039999999999999994, -2.0), (2, 1, 0, 0.039999999999999994, -2.0), (2, 1, 0, 0.039999999999999994, -1.0)]
[(2, 1, 2, 1, -1.0)]
[(2, 1, 3, 1, -1.0)]
[(2, 1, 0, 1, -1.0)]
[(2, 1, 1, 0.8, -2.0), (2, 1, 1, 0.07999999999999999, -2.0), (2, 1, 1, 0.039999999999999994, -2.0), (2, 1, 1, 0.039999999999999994, -2.0), (2, 1, 1, 0.039999999999999994, -1.0)]
[(2, 1, 3, 1, -1.0)]
[(2, 1, 2, 1, -1.0)]
[(2, 1, 1, 1, -1.0)]
[(2, 1, 2, 0.8, -2.0), (2, 1, 2, 0.039999999999999994, -2.0), (2, 1, 2, 0.039999999999999994, -2.0), (1, 1, 2, 0.039999999999999994, -1.0), (3, 1, 2, 0.039999999999999994, -1.0), (2, 1, 2, 0.039999999999999994, -1.0)]
[(2, 1, 1, 1, -1.0)]
[(2, 1, 0, 1, -1.0)]
[(2, 1, 2, 1, -1.0)]
[(2, 1, 3, 0.8, -2.0), (2, 1, 3, 0.07999999999999999, -2.0), (1, 1, 3, 0.039999999999999994, -1.0), (3, 1, 3, 0.039999999999999994, -1.0), (2, 1, 3, 0.039999999999999994, -1.0)]
[(2, 1, 0, 1, -1.0)]
[(2, 1, 1, 1, -1.0)]
[(2, 1, 3, 1, -1.0)]
[(2, 1, 0, 0.8, -1.0), (3, 1, 0, 0.039999999999999994, -2.0), (3, 1, 0, 0.039999999999999994, -2.0), (3, 1, 0, 0.039999999999999994, -2.0), (3, 1, 0, 0.039999999999999994, -2.0), (3, 1, 0, 0.039999999999999994, -1.0)]
[(3, 1, 2, 1, -1.0)]
[(3, 1, 3, 1, -1.0)]
[(3, 1, 0, 1, -1.0)]
[(3, 1, 1, 0.8, -2.0), (3, 1, 1, 0.07999999999999999, -2.0), (3, 1, 1, 0.039999999999999994, -2.0), (3, 1, 1, 0.039999999999999994, -2.0), (3, 1, 1, 0.039999999999999994, -1.0)]
[(3, 1, 3, 1, -1.0)]
[(3, 1, 2, 1, -1.0)]
[(3, 1, 1, 1, -1.0)]
[(3, 1, 2, 0.8, -2.0), (3, 1, 2, 0.039999999999999994, -2.0), (3, 1, 2, 0.039999999999999994, -2.0), (2, 1, 2, 0.039999999999999994, -1.0), (4, 1, 2, 0.039999999999999994, -1.0), (3, 1, 2, 0.039999999999999994, -1.0)]
[(3, 1, 1, 1, -1.0)]
[(3, 1, 0, 1, -1.0)]
[(3, 1, 2, 1, -1.0)]
[(3, 1, 3, 0.8, -2.0), (3, 1, 3, 0.07999999999999999, -2.0), (2, 1, 3, 0.039999999999999994, -1.0), (4, 1, 3, 0.039999999999999994, -1.0), (3, 1, 3, 0.039999999999999994, -1.0)]
[(3, 1, 0, 1, -1.0)]
[(3, 1, 1, 1, -1.0)]
[(3, 1, 3, 1, -1.0)]
[(3, 1, 0, 0.8, -1.0), (4, 1, 0, 0.039999999999999994, -2.0), (4, 1, 0, 0.039999999999999994, -2.0), (4, 1, 0, 0.039999999999999994, -2.0), (4, 2, 0, 0.039999999999999994, -1.0), (4, 1, 0, 0.039999999999999994, -1.0)]
[(4, 1, 2, 1, -1.0)]
[(4, 1, 3, 1, -1.0)]
[(4, 1, 0, 1, -1.0)]
[(4, 1, 1, 0.8, -2.0), (4, 1, 1, 0.07999999999999999, -2.0), (4, 1, 1, 0.039999999999999994, -2.0), (4, 2, 1, 0.039999999999999994, -1.0), (4, 1, 1, 0.039999999999999994, -1.0)]
[(4, 1, 3, 1, -1.0)]
[(4, 1, 2, 1, -1.0)]
[(4, 1, 1, 1, -1.0)]
[(4, 1, 2, 0.8, -2.0), (4, 1, 2, 0.039999999999999994, -2.0), (4, 1, 2, 0.039999999999999994, -2.0), (3, 1, 2, 0.039999999999999994, -1.0), (5, 1, 2, 0.039999999999999994, -1.0), (4, 1, 2, 0.039999999999999994, -1.0)]
[(4, 1, 1, 1, -1.0)]
[(4, 1, 0, 1, -1.0)]
[(4, 1, 2, 1, -1.0)]
[(4, 1, 3, 0.8, -2.0), (4, 1, 3, 0.07999999999999999, -2.0), (3, 1, 3, 0.039999999999999994, -1.0), (5, 1, 3, 0.039999999999999994, -1.0), (4, 1, 3, 0.039999999999999994, -1.0)]
[(4, 1, 0, 1, -1.0)]
[(4, 1, 1, 1, -1.0)]
[(4, 1, 3, 1, -1.0)]
[(4, 1, 0, 0.8, -1.0), (5, 1, 0, 0.039999999999999994, -2.0), (4, 2, 0, 0.039999999999999994, -1.0), (5, 1, 0, 0.039999999999999994, -2.0), (5, 2, 0, 0.039999999999999994, -1.0), (5, 1, 0, 0.039999999999999994, -1.0)]
[(5, 1, 2, 1, -1.0)]
[(5, 1, 3, 1, -1.0)]
[(5, 1, 0, 1, -1.0)]
[(5, 1, 1, 0.8, -2.0), (5, 1, 1, 0.07999999999999999, -2.0), (5, 1, 1, 0.039999999999999994, -2.0), (5, 2, 1, 0.039999999999999994, -1.0), (5, 1, 1, 0.039999999999999994, -1.0)]
[(5, 1, 3, 1, -1.0)]
[(5, 1, 2, 1, -1.0)]
[(5, 1, 1, 1, -1.0)]
[(5, 1, 2, 0.8, -2.0), (5, 1, 2, 0.039999999999999994, -2.0), (5, 1, 2, 0.039999999999999994, -2.0), (4, 1, 2, 0.039999999999999994, -1.0), (5, 1, 2, 0.039999999999999994, -2.0), (5, 1, 2, 0.039999999999999994, -1.0)]
[(5, 1, 1, 1, -1.0)]
[(5, 1, 0, 1, -1.0)]
[(5, 1, 2, 1, -1.0)]
[(5, 1, 3, 0.8, -2.0), (5, 1, 3, 0.07999999999999999, -2.0), (4, 1, 3, 0.039999999999999994, -1.0), (5, 1, 3, 0.039999999999999994, -2.0), (5, 1, 3, 0.039999999999999994, -1.0)]
[(5, 1, 0, 1, -1.0)]
[(5, 1, 1, 1, -1.0)]
[(5, 1, 3, 1, -1.0)]
[(1, 2, 0, 0.8, -2.0), (1, 2, 0, 0.039999999999999994, -2.0), (1, 2, 0, 0.039999999999999994, -2.0), (1, 1, 0, 0.039999999999999994, -1.0), (1, 3, 0, 0.039999999999999994, -1.0), (1, 2, 0, 0.039999999999999994, -1.0)]
[(1, 2, 2, 1, -1.0)]
[(1, 2, 3, 1, -1.0)]
[(1, 2, 0, 1, -1.0)]
[(1, 2, 1, 0.8, -2.0), (1, 2, 1, 0.07999999999999999, -2.0), (1, 1, 1, 0.039999999999999994, -1.0), (1, 3, 1, 0.039999999999999994, -1.0), (1, 2, 1, 0.039999999999999994, -1.0)]
[(1, 2, 3, 1, -1.0)]
[(1, 2, 2, 1, -1.0)]
[(1, 2, 1, 1, -1.0)]
[(1, 1, 2, 0.8, -1.0), (1, 2, 2, 0.039999999999999994, -2.0), (2, 1, 2, 0.039999999999999994, -1.0), (1, 2, 2, 0.039999999999999994, -2.0), (1, 2, 2, 0.039999999999999994, -2.0), (1, 2, 2, 0.039999999999999994, -1.0)]
[(1, 2, 1, 1, -1.0)]
[(1, 2, 0, 1, -1.0)]
[(1, 2, 2, 1, -1.0)]
[(1, 2, 3, 0.8, -2.0), (1, 2, 3, 0.07999999999999999, -2.0), (1, 2, 3, 0.039999999999999994, -2.0), (1, 2, 3, 0.039999999999999994, -2.0), (1, 2, 3, 0.039999999999999994, -1.0)]
[(1, 2, 0, 1, -1.0)]
[(1, 2, 1, 1, -1.0)]
[(1, 2, 3, 1, -1.0)]
[(1, 2, 0, 0.8, -1.0), (1, 1, 0, 0.039999999999999994, -1.0), (1, 3, 0, 0.039999999999999994, -1.0), (2, 1, 0, 0.039999999999999994, -1.0), (2, 3, 0, 0.039999999999999994, -1.0), (2, 2, 0, 0.039999999999999994, -2.0)]
[(2, 2, 2, 1, -1.0)]
[(2, 2, 3, 1, -1.0)]
[(2, 2, 0, 1, -1.0)]
[(2, 2, 1, 0.8, -2.0), (2, 2, 1, 0.07999999999999999, -2.0), (2, 1, 1, 0.039999999999999994, -1.0), (2, 3, 1, 0.039999999999999994, -1.0), (2, 2, 1, 0.039999999999999994, -2.0)]
[(2, 2, 3, 1, -1.0)]
[(2, 2, 2, 1, -1.0)]
[(2, 2, 1, 1, -1.0)]
[(2, 1, 2, 0.8, -1.0), (1, 1, 2, 0.039999999999999994, -1.0), (3, 1, 2, 0.039999999999999994, -1.0), (1, 2, 2, 0.039999999999999994, -1.0), (2, 2, 2, 0.039999999999999994, -2.0), (2, 2, 2, 0.039999999999999994, -2.0)]
[(2, 2, 1, 1, -1.0)]
[(2, 2, 0, 1, -1.0)]
[(2, 2, 2, 1, -1.0)]
[(2, 2, 3, 0.8, -2.0), (2, 2, 3, 0.07999999999999999, -2.0), (1, 2, 3, 0.039999999999999994, -1.0), (2, 2, 3, 0.039999999999999994, -2.0), (2, 2, 3, 0.039999999999999994, -2.0)]
[(2, 2, 0, 1, -1.0)]
[(2, 2, 1, 1, -1.0)]
[(2, 2, 3, 1, -1.0)]
[(3, 2, 0, 0.8, -2.0), (2, 1, 0, 0.039999999999999994, -1.0), (2, 3, 0, 0.039999999999999994, -1.0), (3, 1, 0, 0.039999999999999994, -1.0), (3, 2, 0, 0.039999999999999994, -2.0), (3, 2, 0, 0.039999999999999994, -2.0)]
[(3, 2, 2, 1, -1.0)]
[(3, 2, 3, 1, -1.0)]
[(3, 2, 0, 1, -1.0)]
[(3, 2, 1, 0.8, -2.0), (3, 2, 1, 0.07999999999999999, -2.0), (3, 1, 1, 0.039999999999999994, -1.0), (3, 2, 1, 0.039999999999999994, -2.0), (3, 2, 1, 0.039999999999999994, -2.0)]
[(3, 2, 3, 1, -1.0)]
[(3, 2, 2, 1, -1.0)]
[(3, 2, 1, 1, -1.0)]
[(3, 1, 2, 0.8, -1.0), (2, 1, 2, 0.039999999999999994, -1.0), (4, 1, 2, 0.039999999999999994, -1.0), (3, 2, 2, 0.039999999999999994, -2.0), (4, 2, 2, 0.039999999999999994, -1.0), (3, 2, 2, 0.039999999999999994, -2.0)]
[(3, 2, 1, 1, -1.0)]
[(3, 2, 0, 1, -1.0)]
[(3, 2, 2, 1, -1.0)]
[(3, 2, 3, 0.8, -2.0), (3, 2, 3, 0.07999999999999999, -2.0), (3, 2, 3, 0.039999999999999994, -2.0), (4, 2, 3, 0.039999999999999994, -1.0), (3, 2, 3, 0.039999999999999994, -2.0)]
[(3, 2, 0, 1, -1.0)]
[(3, 2, 1, 1, -1.0)]
[(3, 2, 3, 1, -1.0)]
[(4, 2, 0, 0.8, -2.0), (3, 1, 0, 0.039999999999999994, -1.0), (4, 2, 0, 0.039999999999999994, -2.0), (4, 1, 0, 0.039999999999999994, -1.0), (4, 3, 0, 0.039999999999999994, -1.0), (4, 2, 0, 0.039999999999999994, -1.0)]
[(4, 2, 2, 1, -1.0)]
[(4, 2, 3, 1, -1.0)]
[(4, 2, 0, 1, -1.0)]
[(4, 2, 1, 0.8, -2.0), (4, 2, 1, 0.07999999999999999, -2.0), (4, 1, 1, 0.039999999999999994, -1.0), (4, 3, 1, 0.039999999999999994, -1.0), (4, 2, 1, 0.039999999999999994, -1.0)]
[(4, 2, 3, 1, -1.0)]
[(4, 2, 2, 1, -1.0)]
[(4, 2, 1, 1, -1.0)]
[(4, 1, 2, 0.8, -1.0), (3, 1, 2, 0.039999999999999994, -1.0), (5, 1, 2, 0.039999999999999994, -1.0), (4, 2, 2, 0.039999999999999994, -2.0), (5, 2, 2, 0.039999999999999994, -1.0), (4, 2, 2, 0.039999999999999994, -1.0)]
[(4, 2, 1, 1, -1.0)]
[(4, 2, 0, 1, -1.0)]
[(4, 2, 2, 1, -1.0)]
[(4, 2, 3, 0.8, -2.0), (4, 2, 3, 0.07999999999999999, -2.0), (4, 2, 3, 0.039999999999999994, -2.0), (5, 2, 3, 0.039999999999999994, -1.0), (4, 2, 3, 0.039999999999999994, -1.0)]
[(4, 2, 0, 1, -1.0)]
[(4, 2, 1, 1, -1.0)]
[(4, 2, 3, 1, -1.0)]
[(4, 2, 0, 0.8, -1.0), (4, 1, 0, 0.039999999999999994, -1.0), (4, 3, 0, 0.039999999999999994, -1.0), (5, 1, 0, 0.039999999999999994, -1.0), (5, 2, 0, 0.039999999999999994, -20.0), (5, 2, 0, 0.039999999999999994, -1.0)]
[(5, 2, 2, 1, -1.0)]
[(5, 2, 3, 1, -1.0)]
[(5, 2, 0, 1, -1.0)]
[(5, 2, 1, 0.8, -2.0), (5, 2, 1, 0.07999999999999999, -2.0), (5, 1, 1, 0.039999999999999994, -1.0), (5, 2, 1, 0.039999999999999994, -20.0), (5, 2, 1, 0.039999999999999994, -1.0)]
[(5, 2, 3, 1, -1.0)]
[(5, 2, 2, 1, -1.0)]
[(5, 2, 1, 1, -1.0)]
[(5, 1, 2, 0.8, -1.0), (4, 1, 2, 0.039999999999999994, -1.0), (5, 2, 2, 0.039999999999999994, -2.0), (4, 2, 2, 0.039999999999999994, -1.0), (5, 2, 2, 0.039999999999999994, -2.0), (5, 2, 2, 0.039999999999999994, -1.0)]
[(5, 2, 1, 1, -1.0)]
[(5, 2, 0, 1, -1.0)]
[(5, 2, 2, 1, -1.0)]
[(5, 2, 3, 0.8, -2.0), (5, 2, 3, 0.07999999999999999, -2.0), (4, 2, 3, 0.039999999999999994, -1.0), (5, 2, 3, 0.039999999999999994, -2.0), (5, 2, 3, 0.039999999999999994, -1.0)]
[(5, 2, 0, 1, -1.0)]
[(5, 2, 1, 1, -1.0)]
[(5, 2, 3, 1, -1.0)]
[(1, 3, 0, 0.8, -2.0), (1, 3, 0, 0.039999999999999994, -2.0), (1, 3, 0, 0.039999999999999994, -2.0), (1, 2, 0, 0.039999999999999994, -1.0), (1, 3, 0, 0.039999999999999994, -2.0), (1, 3, 0, 0.039999999999999994, -1.0)]
[(1, 3, 2, 1, -1.0)]
[(1, 3, 3, 1, -1.0)]
[(1, 3, 0, 1, -1.0)]
[(1, 3, 1, 0.8, -2.0), (1, 3, 1, 0.07999999999999999, -2.0), (1, 2, 1, 0.039999999999999994, -1.0), (1, 3, 1, 0.039999999999999994, -2.0), (1, 3, 1, 0.039999999999999994, -1.0)]
[(1, 3, 3, 1, -1.0)]
[(1, 3, 2, 1, -1.0)]
[(1, 3, 1, 1, -1.0)]
[(1, 2, 2, 0.8, -1.0), (1, 3, 2, 0.039999999999999994, -2.0), (1, 3, 2, 0.039999999999999994, -2.0), (1, 3, 2, 0.039999999999999994, -2.0), (2, 3, 2, 0.039999999999999994, -1.0), (1, 3, 2, 0.039999999999999994, -1.0)]
[(1, 3, 1, 1, -1.0)]
[(1, 3, 0, 1, -1.0)]
[(1, 3, 2, 1, -1.0)]
[(1, 3, 3, 0.8, -2.0), (1, 3, 3, 0.07999999999999999, -2.0), (1, 3, 3, 0.039999999999999994, -2.0), (2, 3, 3, 0.039999999999999994, -1.0), (1, 3, 3, 0.039999999999999994, -1.0)]
[(1, 3, 0, 1, -1.0)]
[(1, 3, 1, 1, -1.0)]
[(1, 3, 3, 1, -1.0)]
[(1, 3, 0, 0.8, -1.0), (1, 2, 0, 0.039999999999999994, -1.0), (2, 3, 0, 0.039999999999999994, -2.0), (2, 3, 0, 0.039999999999999994, -2.0), (2, 4, 0, 0.039999999999999994, -1.0), (2, 3, 0, 0.039999999999999994, -1.0)]
[(2, 3, 2, 1, -1.0)]
[(2, 3, 3, 1, -1.0)]
[(2, 3, 0, 1, -1.0)]
[(2, 3, 1, 0.8, -2.0), (2, 3, 1, 0.07999999999999999, -2.0), (2, 3, 1, 0.039999999999999994, -2.0), (2, 4, 1, 0.039999999999999994, -1.0), (2, 3, 1, 0.039999999999999994, -1.0)]
[(2, 3, 3, 1, -1.0)]
[(2, 3, 2, 1, -1.0)]
[(2, 3, 1, 1, -1.0)]
[(2, 3, 2, 0.8, -2.0), (1, 2, 2, 0.039999999999999994, -1.0), (2, 3, 2, 0.039999999999999994, -2.0), (1, 3, 2, 0.039999999999999994, -1.0), (2, 3, 2, 0.039999999999999994, -2.0), (2, 3, 2, 0.039999999999999994, -1.0)]
[(2, 3, 1, 1, -1.0)]
[(2, 3, 0, 1, -1.0)]
[(2, 3, 2, 1, -1.0)]
[(2, 3, 3, 0.8, -2.0), (2, 3, 3, 0.07999999999999999, -2.0), (1, 3, 3, 0.039999999999999994, -1.0), (2, 3, 3, 0.039999999999999994, -2.0), (2, 3, 3, 0.039999999999999994, -1.0)]
[(2, 3, 0, 1, -1.0)]
[(2, 3, 1, 1, -1.0)]
[(2, 3, 3, 1, -1.0)]
[(2, 3, 0, 0.8, -1.0), (3, 3, 0, 0.039999999999999994, -2.0), (2, 4, 0, 0.039999999999999994, -1.0), (3, 3, 0, 0.039999999999999994, -2.0), (3, 3, 0, 0.039999999999999994, -2.0), (3, 3, 0, 0.039999999999999994, -2.0)]
[(3, 3, 2, 1, -1.0)]
[(3, 3, 3, 1, -1.0)]
[(3, 3, 0, 1, -1.0)]
[(3, 3, 1, 0.8, -2.0), (3, 3, 1, 0.07999999999999999, -2.0), (3, 3, 1, 0.039999999999999994, -2.0), (3, 3, 1, 0.039999999999999994, -2.0), (3, 3, 1, 0.039999999999999994, -2.0)]
[(3, 3, 3, 1, -1.0)]
[(3, 3, 2, 1, -1.0)]
[(3, 3, 1, 1, -1.0)]
[(3, 3, 2, 0.8, -2.0), (3, 3, 2, 0.039999999999999994, -2.0), (4, 2, 2, 0.039999999999999994, -1.0), (2, 3, 2, 0.039999999999999994, -1.0), (4, 3, 2, 0.039999999999999994, -1.0), (3, 3, 2, 0.039999999999999994, -2.0)]
[(3, 3, 1, 1, -1.0)]
[(3, 3, 0, 1, -1.0)]
[(3, 3, 2, 1, -1.0)]
[(3, 3, 3, 0.8, -2.0), (3, 3, 3, 0.07999999999999999, -2.0), (2, 3, 3, 0.039999999999999994, -1.0), (4, 3, 3, 0.039999999999999994, -1.0), (3, 3, 3, 0.039999999999999994, -2.0)]
[(3, 3, 0, 1, -1.0)]
[(3, 3, 1, 1, -1.0)]
[(3, 3, 3, 1, -1.0)]
[(4, 3, 0, 0.8, -2.0), (4, 3, 0, 0.039999999999999994, -2.0), (4, 3, 0, 0.039999999999999994, -2.0), (4, 2, 0, 0.039999999999999994, -1.0), (4, 4, 0, 0.039999999999999994, -1.0), (4, 3, 0, 0.039999999999999994, -1.0)]
[(4, 3, 2, 1, -1.0)]
[(4, 3, 3, 1, -1.0)]
[(4, 3, 0, 1, -1.0)]
[(4, 3, 1, 0.8, -2.0), (4, 3, 1, 0.07999999999999999, -2.0), (4, 2, 1, 0.039999999999999994, -1.0), (4, 4, 1, 0.039999999999999994, -1.0), (4, 3, 1, 0.039999999999999994, -1.0)]
[(4, 3, 3, 1, -1.0)]
[(4, 3, 2, 1, -1.0)]
[(4, 3, 1, 1, -1.0)]
[(4, 2, 2, 0.8, -1.0), (4, 3, 2, 0.039999999999999994, -2.0), (5, 2, 2, 0.039999999999999994, -1.0), (4, 3, 2, 0.039999999999999994, -2.0), (4, 3, 2, 0.039999999999999994, -20.0), (4, 3, 2, 0.039999999999999994, -1.0)]
[(4, 3, 1, 1, -1.0)]
[(4, 3, 0, 1, -1.0)]
[(4, 3, 2, 1, -1.0)]
[(4, 3, 3, 0.8, -2.0), (4, 3, 3, 0.07999999999999999, -2.0), (4, 3, 3, 0.039999999999999994, -2.0), (4, 3, 3, 0.039999999999999994, -20.0), (4, 3, 3, 0.039999999999999994, -1.0)]
[(4, 3, 0, 1, -1.0)]
[(4, 3, 1, 1, -1.0)]
[(4, 3, 3, 1, -1.0)]
[(4, 3, 0, 0.8, -1.0), (4, 2, 0, 0.039999999999999994, -1.0), (4, 4, 0, 0.039999999999999994, -1.0), (5, 2, 0, 0.039999999999999994, -1.0), (5, 3, 0, 0.039999999999999994, -20.0), (5, 3, 0, 0.039999999999999994, -20.0)]
[(5, 3, 2, 1, -1.0)]
[(5, 3, 3, 1, -1.0)]
[(5, 3, 0, 1, -1.0)]
[(5, 3, 1, 0.8, -2.0), (5, 3, 1, 0.07999999999999999, -2.0), (5, 2, 1, 0.039999999999999994, -1.0), (5, 3, 1, 0.039999999999999994, -20.0), (5, 3, 1, 0.039999999999999994, -20.0)]
[(5, 3, 3, 1, -1.0)]
[(5, 3, 2, 1, -1.0)]
[(5, 3, 1, 1, -1.0)]
[(5, 2, 2, 0.8, -1.0), (4, 2, 2, 0.039999999999999994, -1.0), (5, 3, 2, 0.039999999999999994, -2.0), (4, 3, 2, 0.039999999999999994, -1.0), (5, 3, 2, 0.039999999999999994, -2.0), (5, 3, 2, 0.039999999999999994, -20.0)]
[(5, 3, 1, 1, -1.0)]
[(5, 3, 0, 1, -1.0)]
[(5, 3, 2, 1, -1.0)]
[(5, 3, 3, 0.8, -2.0), (5, 3, 3, 0.07999999999999999, -2.0), (4, 3, 3, 0.039999999999999994, -1.0), (5, 3, 3, 0.039999999999999994, -2.0), (5, 3, 3, 0.039999999999999994, -20.0)]
[(5, 3, 0, 1, -1.0)]
[(5, 3, 1, 1, -1.0)]
[(5, 3, 3, 1, -1.0)]
[(1, 4, 0, 0.8, -2.0), (1, 4, 0, 0.039999999999999994, -2.0), (1, 4, 0, 0.039999999999999994, -2.0), (1, 3, 0, 0.039999999999999994, -1.0), (1, 4, 0, 0.039999999999999994, -2.0), (1, 4, 0, 0.039999999999999994, -2.0)]
[(1, 4, 2, 1, -1.0)]
[(1, 4, 3, 1, -1.0)]
[(1, 4, 0, 1, -1.0)]
[(1, 4, 1, 0.8, -2.0), (1, 4, 1, 0.07999999999999999, -2.0), (1, 3, 1, 0.039999999999999994, -1.0), (1, 4, 1, 0.039999999999999994, -2.0), (1, 4, 1, 0.039999999999999994, -2.0)]
[(1, 4, 3, 1, -1.0)]
[(1, 4, 2, 1, -1.0)]
[(1, 4, 1, 1, -1.0)]
[(1, 3, 2, 0.8, -1.0), (1, 4, 2, 0.039999999999999994, -2.0), (2, 3, 2, 0.039999999999999994, -1.0), (1, 4, 2, 0.039999999999999994, -2.0), (2, 4, 2, 0.039999999999999994, -1.0), (1, 4, 2, 0.039999999999999994, -2.0)]
[(1, 4, 1, 1, -1.0)]
[(1, 4, 0, 1, -1.0)]
[(1, 4, 2, 1, -1.0)]
[(1, 4, 3, 0.8, -2.0), (1, 4, 3, 0.07999999999999999, -2.0), (1, 4, 3, 0.039999999999999994, -2.0), (2, 4, 3, 0.039999999999999994, -1.0), (1, 4, 3, 0.039999999999999994, -2.0)]
[(1, 4, 0, 1, -1.0)]
[(1, 4, 1, 1, -1.0)]
[(1, 4, 3, 1, -1.0)]
[(2, 4, 0, 0.8, -2.0), (1, 3, 0, 0.039999999999999994, -1.0), (2, 4, 0, 0.039999999999999994, -2.0), (2, 3, 0, 0.039999999999999994, -1.0), (2, 5, 0, 0.039999999999999994, -1.0), (2, 4, 0, 0.039999999999999994, -1.0)]
[(2, 4, 2, 1, -1.0)]
[(2, 4, 3, 1, -1.0)]
[(2, 4, 0, 1, -1.0)]
[(2, 4, 1, 0.8, -2.0), (2, 4, 1, 0.07999999999999999, -2.0), (2, 3, 1, 0.039999999999999994, -1.0), (2, 5, 1, 0.039999999999999994, -1.0), (2, 4, 1, 0.039999999999999994, -1.0)]
[(2, 4, 3, 1, -1.0)]
[(2, 4, 2, 1, -1.0)]
[(2, 4, 1, 1, -1.0)]
[(2, 3, 2, 0.8, -1.0), (1, 3, 2, 0.039999999999999994, -1.0), (2, 4, 2, 0.039999999999999994, -2.0), (2, 4, 2, 0.039999999999999994, -2.0), (2, 4, 2, 0.039999999999999994, -2.0), (2, 4, 2, 0.039999999999999994, -1.0)]
[(2, 4, 1, 1, -1.0)]
[(2, 4, 0, 1, -1.0)]
[(2, 4, 2, 1, -1.0)]
[(2, 4, 3, 0.8, -2.0), (2, 4, 3, 0.07999999999999999, -2.0), (2, 4, 3, 0.039999999999999994, -2.0), (2, 4, 3, 0.039999999999999994, -2.0), (2, 4, 3, 0.039999999999999994, -1.0)]
[(2, 4, 0, 1, -1.0)]
[(2, 4, 1, 1, -1.0)]
[(2, 4, 3, 1, -1.0)]
[(2, 4, 0, 0.8, -1.0), (2, 3, 0, 0.039999999999999994, -1.0), (2, 5, 0, 0.039999999999999994, -1.0), (3, 4, 0, 0.039999999999999994, -2.0), (3, 5, 0, 0.039999999999999994, 0.0), (3, 4, 0, 0.039999999999999994, -2.0)]
[(3, 4, 2, 1, -1.0)]
[(3, 4, 3, 1, -1.0)]
[(3, 4, 0, 1, -1.0)]
[(3, 4, 1, 0.8, -2.0), (3, 4, 1, 0.07999999999999999, -2.0), (3, 4, 1, 0.039999999999999994, -2.0), (3, 5, 1, 0.039999999999999994, 0.0), (3, 4, 1, 0.039999999999999994, -2.0)]
[(3, 4, 3, 1, -1.0)]
[(3, 4, 2, 1, -1.0)]
[(3, 4, 1, 1, -1.0)]
[(3, 4, 2, 0.8, -2.0), (2, 3, 2, 0.039999999999999994, -1.0), (4, 3, 2, 0.039999999999999994, -1.0), (2, 4, 2, 0.039999999999999994, -1.0), (4, 4, 2, 0.039999999999999994, -1.0), (3, 4, 2, 0.039999999999999994, -2.0)]
[(3, 4, 1, 1, -1.0)]
[(3, 4, 0, 1, -1.0)]
[(3, 4, 2, 1, -1.0)]
[(3, 4, 3, 0.8, -2.0), (3, 4, 3, 0.07999999999999999, -2.0), (2, 4, 3, 0.039999999999999994, -1.0), (4, 4, 3, 0.039999999999999994, -1.0), (3, 4, 3, 0.039999999999999994, -2.0)]
[(3, 4, 0, 1, -1.0)]
[(3, 4, 1, 1, -1.0)]
[(3, 4, 3, 1, -1.0)]
[(4, 4, 0, 0.8, -2.0), (4, 4, 0, 0.039999999999999994, -2.0), (3, 5, 0, 0.039999999999999994, 0.0), (4, 3, 0, 0.039999999999999994, -1.0), (4, 5, 0, 0.039999999999999994, -1.0), (4, 4, 0, 0.039999999999999994, -1.0)]
[(4, 4, 2, 1, -1.0)]
[(4, 4, 3, 1, -1.0)]
[(4, 4, 0, 1, -1.0)]
[(4, 4, 1, 0.8, -2.0), (4, 4, 1, 0.07999999999999999, -2.0), (4, 3, 1, 0.039999999999999994, -1.0), (4, 5, 1, 0.039999999999999994, -1.0), (4, 4, 1, 0.039999999999999994, -1.0)]
[(4, 4, 3, 1, -1.0)]
[(4, 4, 2, 1, -1.0)]
[(4, 4, 1, 1, -1.0)]
[(4, 3, 2, 0.8, -1.0), (4, 4, 2, 0.039999999999999994, -2.0), (4, 4, 2, 0.039999999999999994, -20.0), (4, 4, 2, 0.039999999999999994, -2.0), (4, 4, 2, 0.039999999999999994, -20.0), (4, 4, 2, 0.039999999999999994, -1.0)]
[(4, 4, 1, 1, -1.0)]
[(4, 4, 0, 1, -1.0)]
[(4, 4, 2, 1, -1.0)]
[(4, 4, 3, 0.8, -2.0), (4, 4, 3, 0.07999999999999999, -2.0), (4, 4, 3, 0.039999999999999994, -2.0), (4, 4, 3, 0.039999999999999994, -20.0), (4, 4, 3, 0.039999999999999994, -1.0)]
[(4, 4, 0, 1, -1.0)]
[(4, 4, 1, 1, -1.0)]
[(4, 4, 3, 1, -1.0)]
[(4, 4, 0, 0.8, -1.0), (4, 3, 0, 0.039999999999999994, -1.0), (4, 5, 0, 0.039999999999999994, -1.0), (5, 4, 0, 0.039999999999999994, -20.0), (5, 4, 0, 0.039999999999999994, -20.0), (5, 4, 0, 0.039999999999999994, -20.0)]
[(5, 4, 2, 1, -1.0)]
[(5, 4, 3, 1, -1.0)]
[(5, 4, 0, 1, -1.0)]
[(5, 4, 1, 0.8, -2.0), (5, 4, 1, 0.07999999999999999, -2.0), (5, 4, 1, 0.039999999999999994, -20.0), (5, 4, 1, 0.039999999999999994, -20.0), (5, 4, 1, 0.039999999999999994, -20.0)]
[(5, 4, 3, 1, -1.0)]
[(5, 4, 2, 1, -1.0)]
[(5, 4, 1, 1, -1.0)]
[(5, 4, 2, 0.8, -20.0), (4, 3, 2, 0.039999999999999994, -1.0), (5, 4, 2, 0.039999999999999994, -2.0), (4, 4, 2, 0.039999999999999994, -1.0), (5, 4, 2, 0.039999999999999994, -2.0), (5, 4, 2, 0.039999999999999994, -20.0)]
[(5, 4, 1, 1, -1.0)]
[(5, 4, 0, 1, -1.0)]
[(5, 4, 2, 1, -1.0)]
[(5, 4, 3, 0.8, -2.0), (5, 4, 3, 0.07999999999999999, -2.0), (4, 4, 3, 0.039999999999999994, -1.0), (5, 4, 3, 0.039999999999999994, -2.0), (5, 4, 3, 0.039999999999999994, -20.0)]
[(5, 4, 0, 1, -1.0)]
[(5, 4, 1, 1, -1.0)]
[(5, 4, 3, 1, -1.0)]
[(1, 5, 0, 0.8, -2.0), (1, 5, 0, 0.039999999999999994, -2.0), (1, 5, 0, 0.039999999999999994, -2.0), (1, 5, 0, 0.039999999999999994, -2.0), (1, 5, 0, 0.039999999999999994, -2.0), (1, 5, 0, 0.039999999999999994, -2.0)]
[(1, 5, 2, 1, -1.0)]
[(1, 5, 3, 1, -1.0)]
[(1, 5, 0, 1, -1.0)]
[(1, 5, 1, 0.8, -2.0), (1, 5, 1, 0.07999999999999999, -2.0), (1, 5, 1, 0.039999999999999994, -2.0), (1, 5, 1, 0.039999999999999994, -2.0), (1, 5, 1, 0.039999999999999994, -2.0)]
[(1, 5, 3, 1, -1.0)]
[(1, 5, 2, 1, -1.0)]
[(1, 5, 1, 1, -1.0)]
[(1, 5, 2, 0.8, -2.0), (1, 5, 2, 0.039999999999999994, -2.0), (2, 4, 2, 0.039999999999999994, -1.0), (1, 5, 2, 0.039999999999999994, -2.0), (2, 5, 2, 0.039999999999999994, -1.0), (1, 5, 2, 0.039999999999999994, -2.0)]
[(1, 5, 1, 1, -1.0)]
[(1, 5, 0, 1, -1.0)]
[(1, 5, 2, 1, -1.0)]
[(1, 5, 3, 0.8, -2.0), (1, 5, 3, 0.07999999999999999, -2.0), (1, 5, 3, 0.039999999999999994, -2.0), (2, 5, 3, 0.039999999999999994, -1.0), (1, 5, 3, 0.039999999999999994, -2.0)]
[(1, 5, 0, 1, -1.0)]
[(1, 5, 1, 1, -1.0)]
[(1, 5, 3, 1, -1.0)]
[(2, 5, 0, 0.8, -2.0), (2, 5, 0, 0.039999999999999994, -2.0), (2, 5, 0, 0.039999999999999994, -2.0), (2, 4, 0, 0.039999999999999994, -1.0), (2, 5, 0, 0.039999999999999994, -2.0), (2, 5, 0, 0.039999999999999994, -1.0)]
[(2, 5, 2, 1, -1.0)]
[(2, 5, 3, 1, -1.0)]
[(2, 5, 0, 1, -1.0)]
[(2, 5, 1, 0.8, -2.0), (2, 5, 1, 0.07999999999999999, -2.0), (2, 4, 1, 0.039999999999999994, -1.0), (2, 5, 1, 0.039999999999999994, -2.0), (2, 5, 1, 0.039999999999999994, -1.0)]
[(2, 5, 3, 1, -1.0)]
[(2, 5, 2, 1, -1.0)]
[(2, 5, 1, 1, -1.0)]
[(2, 4, 2, 0.8, -1.0), (2, 5, 2, 0.039999999999999994, -2.0), (2, 5, 2, 0.039999999999999994, -2.0), (2, 5, 2, 0.039999999999999994, -2.0), (3, 5, 2, 0.039999999999999994, 0.0), (2, 5, 2, 0.039999999999999994, -1.0)]
[(2, 5, 1, 1, -1.0)]
[(2, 5, 0, 1, -1.0)]
[(2, 5, 2, 1, -1.0)]
[(2, 5, 3, 0.8, -2.0), (2, 5, 3, 0.07999999999999999, -2.0), (2, 5, 3, 0.039999999999999994, -2.0), (3, 5, 3, 0.039999999999999994, 0.0), (2, 5, 3, 0.039999999999999994, -1.0)]
[(2, 5, 0, 1, -1.0)]
[(2, 5, 1, 1, -1.0)]
[(2, 5, 3, 1, -1.0)]
[(2, 5, 0, 0.8, -1.0), (2, 4, 0, 0.039999999999999994, -1.0), (3, 5, 0, 0.039999999999999994, -2.0), (3, 5, 0, 0.039999999999999994, -2.0), (3, 5, 0, 0.039999999999999994, -2.0), (3, 5, 0, 0.039999999999999994, 0.0)]
[(3, 5, 2, 1, 0.0)]
[(3, 5, 3, 1, 0.0)]
[(3, 5, 0, 1, -1.0)]
[(3, 5, 1, 0.8, -2.0), (3, 5, 1, 0.07999999999999999, -2.0), (3, 5, 1, 0.039999999999999994, -2.0), (3, 5, 1, 0.039999999999999994, -2.0), (3, 5, 1, 0.039999999999999994, 0.0)]
[(3, 5, 3, 1, 0.0)]
[(3, 5, 2, 1, 0.0)]
[(3, 5, 1, 1, -1.0)]
[(3, 5, 2, 0.8, -2.0), (2, 4, 2, 0.039999999999999994, -1.0), (4, 4, 2, 0.039999999999999994, -1.0), (2, 5, 2, 0.039999999999999994, -1.0), (4, 5, 2, 0.039999999999999994, -1.0), (3, 5, 2, 0.039999999999999994, 0.0)]
[(3, 5, 1, 1, 0.0)]
[(3, 5, 0, 1, 0.0)]
[(3, 5, 2, 1, -1.0)]
[(3, 5, 3, 0.8, -2.0), (3, 5, 3, 0.07999999999999999, -2.0), (2, 5, 3, 0.039999999999999994, -1.0), (4, 5, 3, 0.039999999999999994, -1.0), (3, 5, 3, 0.039999999999999994, 0.0)]
[(3, 5, 0, 1, 0.0)]
[(3, 5, 1, 1, 0.0)]
[(3, 5, 3, 1, -1.0)]
[(3, 5, 0, 0.8, 0.0), (4, 5, 0, 0.039999999999999994, -2.0), (4, 5, 0, 0.039999999999999994, -2.0), (4, 4, 0, 0.039999999999999994, -1.0), (4, 5, 0, 0.039999999999999994, -2.0), (4, 5, 0, 0.039999999999999994, -1.0)]
[(4, 5, 2, 1, -1.0)]
[(4, 5, 3, 1, -1.0)]
[(4, 5, 0, 1, -1.0)]
[(4, 5, 1, 0.8, -2.0), (4, 5, 1, 0.07999999999999999, -2.0), (4, 4, 1, 0.039999999999999994, -1.0), (4, 5, 1, 0.039999999999999994, -2.0), (4, 5, 1, 0.039999999999999994, -1.0)]
[(4, 5, 3, 1, -1.0)]
[(4, 5, 2, 1, -1.0)]
[(4, 5, 1, 1, -1.0)]
[(4, 4, 2, 0.8, -1.0), (4, 5, 2, 0.039999999999999994, -2.0), (4, 5, 2, 0.039999999999999994, -20.0), (3, 5, 2, 0.039999999999999994, 0.0), (4, 5, 2, 0.039999999999999994, -20.0), (4, 5, 2, 0.039999999999999994, -1.0)]
[(4, 5, 1, 1, -1.0)]
[(4, 5, 0, 1, -1.0)]
[(4, 5, 2, 1, -1.0)]
[(4, 5, 3, 0.8, -2.0), (4, 5, 3, 0.07999999999999999, -2.0), (3, 5, 3, 0.039999999999999994, 0.0), (4, 5, 3, 0.039999999999999994, -20.0), (4, 5, 3, 0.039999999999999994, -1.0)]
[(4, 5, 0, 1, -1.0)]
[(4, 5, 1, 1, -1.0)]
[(4, 5, 3, 1, -1.0)]
[(4, 5, 0, 0.8, -1.0), (4, 4, 0, 0.039999999999999994, -1.0), (5, 5, 0, 0.039999999999999994, -2.0), (5, 5, 0, 0.039999999999999994, -20.0), (5, 5, 0, 0.039999999999999994, -2.0), (5, 5, 0, 0.039999999999999994, -20.0)]
[(5, 5, 2, 1, -1.0)]
[(5, 5, 3, 1, -1.0)]
[(5, 5, 0, 1, -1.0)]
[(5, 5, 1, 0.8, -2.0), (5, 5, 1, 0.07999999999999999, -2.0), (5, 5, 1, 0.039999999999999994, -20.0), (5, 5, 1, 0.039999999999999994, -2.0), (5, 5, 1, 0.039999999999999994, -20.0)]
[(5, 5, 3, 1, -1.0)]
[(5, 5, 2, 1, -1.0)]
[(5, 5, 1, 1, -1.0)]
[(5, 5, 2, 0.8, -20.0), (4, 4, 2, 0.039999999999999994, -1.0), (5, 5, 2, 0.039999999999999994, -2.0), (4, 5, 2, 0.039999999999999994, -1.0), (5, 5, 2, 0.039999999999999994, -2.0), (5, 5, 2, 0.039999999999999994, -20.0)]
[(5, 5, 1, 1, -1.0)]
[(5, 5, 0, 1, -1.0)]
[(5, 5, 2, 1, -1.0)]
[(5, 5, 3, 0.8, -2.0), (5, 5, 3, 0.07999999999999999, -2.0), (4, 5, 3, 0.039999999999999994, -1.0), (5, 5, 3, 0.039999999999999994, -2.0), (5, 5, 3, 0.039999999999999994, -20.0)]
[(5, 5, 0, 1, -1.0)]
[(5, 5, 1, 1, -1.0)]
[(5, 5, 3, 1, -1.0)]
col                  row                  direction            newV(s)              policy(s)           
              0               0               0            -1.0 s              
              0               0               1            -1.0 s              
              0               0               2            -1.0 s              
              0               0               3            -1.0 s              
              0               1               0            -1.0 s              
              0               1               1            -1.0 s              
              0               1               2            -1.0 s              
              0               1               3            -1.0 s              
              0               2               0            -1.0 s              
              0               2               1            -1.0 s              
              0               2               2            -1.0 s              
              0               2               3            -1.0 s              
              0               3               0            -1.0 s              
              0               3               1            -1.0 s              
              0               3               2            -1.0 s              
              0               3               3            -1.0 s              
              0               4               0            -1.0 s              
              0               4               1            -1.0 s              
              0               4               2            -1.0 s              
              0               4               3            -1.0 s              
              1               0               0            -1.0 s              
              1               0               1            -1.0 s              
              1               0               2            -1.0 s              
              1               0               3            -1.0 s              
              1               1               0            -1.0 s              
              1               1               1            -1.0 s              
              1               1               2            -1.0 s              
              1               1               3            -1.0 s              
              1               2               0            -1.0 s              
              1               2               1            -1.0 s              
              1               2               2            -1.0 s              
              1               2               3            -1.0 s              
              1               3               0            -1.0 s              
              1               3               1            -1.0 s              
              1               3               2            -1.0 s              
              1               3               3            -1.0 s              
              1               4               0            -1.0 s              
              1               4               1            -1.0 s              
              1               4               2            -1.0 s              
              1               4               3            -1.0 s              
              2               0               0            -1.0 s              
              2               0               1            -1.0 s              
              2               0               2            -1.0 s              
              2               0               3            -1.0 s              
              2               1               0            -1.0 s              
              2               1               1            -1.0 s              
              2               1               2            -1.0 s              
              2               1               3            -1.0 s              
              2               2               0            -1.0 s              
              2               2               1            -1.0 s              
              2               2               2            -1.0 s              
              2               2               3            -1.0 s              
              2               3               0            -1.0 s              
              2               3               1            -1.0 s              
              2               3               2            -1.0 s              
              2               3               3            -1.0 s              
              2               4               0            -1.0 s              
              2               4               1            -1.0 s              
              2               4               2            -1.0 s              
              2               4               3            -1.0 s              
              3               0               0            -1.0 s              
              3               0               1            -1.0 s              
              3               0               2            -1.0 s              
              3               0               3            -1.0 s              
              3               1               0            -1.0 s              
              3               1               1            -1.0 s              
              3               1               2            -1.0 s              
              3               1               3            -1.0 s              
              3               2               0            -1.0 s              
              3               2               1            -1.0 s              
              3               2               2            -1.0 s              
              3               2               3            -1.0 s              
              3               3               0            -1.0 s              
              3               3               1            -1.0 s              
              3               3               2            -1.0 s              
              3               3               3            -1.0 s              
              3               4               0            -1.0 s              
              3               4               1            -1.0 s              
              3               4               2            -1.0 s              
              3               4               3            -1.0 s              
              4               0               0            -1.0 s              
              4               0               1            -1.0 s              
              4               0               2            -1.0 s              
              4               0               3            -1.0 s              
              4               1               0            -1.0 s              
              4               1               1            -1.0 s              
              4               1               2            -1.0 s              
              4               1               3            -1.0 s              
              4               2               0               0 r              
              4               2               1               0 r              
              4               2               2               0 r              
              4               2               3               0 r              
              4               3               0 -0.3199999999999999 f              
              4               3               1            -1.0 s              
              4               3               2            -1.0 s              
              4               3               3            -1.0 s              
              4               4               0            -1.0 s              
              4               4               1            -1.0 s              
              4               4               2            -1.0 s              
              4               4               3            -1.0 s              
